Accuracy: 0.8100558659217877
Precision: 0.7887323943661971
Recall: 0.7466666666666667